30000.0,3227.0,30
0.01,0,13.600135017231455
0.01,1,19.497447154464812
0.01,2,36.49253267780805
0.01,3,61.901980561177616
0.01,4,106.7671162302005
0.01,5,138.92375881496486
0.01,6,211.7663425909169
0.01,7,301.19264813370705
0.01,8,472.70484914327125
0.01,9,492.2788194701849
0.01,10,589.1525750800001
0.01,11,617.3853767159028
0.01,12,1019.5707837163396
0.01,13,921.1753606039442
0.01,14,1002.1633665112287
0.01,15,1648.6903698868039
0.01,16,1634.8012478887656
0.01,17,1352.9982769475598
0.01,18,2272.439380522361
0.01,19,2681.8324036535246
0.01,20,3987.8159847567395
0.01,21,3952.6698048609205
0.01,22,2104.5384457729747
0.01,23,2593.3971211208623
0.01,24,2707.5933991281204
0.01,25,3952.3176225454795
0.01,26,3992.0909370699696
0.01,27,3710.9559355990823
0.01,28,5772.8830781916695
0.01,29,4191.579187048842
0.1,0,27.18239742442071
0.1,1,37.47511564890879
0.1,2,64.44062019262063
0.1,3,105.59482195618672
0.1,4,159.23328282346833
0.1,5,239.80499535874316
0.1,6,373.99457991227524
0.1,7,487.64036136993275
0.1,8,756.5033295932878
0.1,9,740.0164344110774
0.1,10,1000.6297613170981
0.1,11,1143.8594234424759
0.1,12,1320.0971441765196
0.1,13,2061.244442786872
0.1,14,1921.9224529116104
0.1,15,2640.5374635416574
0.1,16,1965.0607604564254
0.1,17,2958.9813468154116
0.1,18,3349.4823038166314
0.1,19,3700.258070507307
0.1,20,2726.337435501147
0.1,21,7612.973664310729
0.1,22,4263.545985996465
0.1,23,5188.681756393402
0.1,24,6850.425146060844
0.1,25,6981.942562445655
0.1,26,5141.104982106132
0.1,27,5397.598394073847
0.1,28,6809.764025190868
0.1,29,8211.201905630793
1.0,0,33.98354979380386
1.0,1,49.94169336380791
1.0,2,86.5125837672582
1.0,3,134.19472578479582
1.0,4,186.15575734970201
1.0,5,288.8256742115093
1.0,6,465.4757942360062
1.0,7,717.166813023684
1.0,8,1076.5929630273765
1.0,9,1096.8058472053533
1.0,10,1816.4223074990712
1.0,11,1395.8180620620792
1.0,12,2009.4269323209012
1.0,13,2024.8013790214422
1.0,14,2394.264821504333
1.0,15,3128.4080475670326
1.0,16,4233.827623051603
1.0,17,3496.2626251533334
1.0,18,3890.872983233742
1.0,19,3849.3085445970605
1.0,20,3981.6540038314924
1.0,21,6229.744347432043
1.0,22,5057.292897827103
1.0,23,6650.192922754227
1.0,24,8001.508490593579
1.0,25,6387.332351950401
1.0,26,4395.476703439286
1.0,27,6807.86118238915
1.0,28,7801.043226829362
1.0,29,47288.60054038741
100.0,0,37.879018623241414
100.0,1,60.47442919586583
100.0,2,96.73545940965035
100.0,3,141.0907343473207
100.0,4,213.0453750730033
100.0,5,340.39449080251796
100.0,6,509.6967683495332
100.0,7,782.0119874909905
100.0,8,974.7495779553554
100.0,9,1154.727689276535
100.0,10,1355.114898223643
100.0,11,2164.6988120947153
100.0,12,2796.956002444498
100.0,13,2565.217267203176
100.0,14,3699.054057924723
100.0,15,4294.029109343474
100.0,16,4478.421988379399
100.0,17,3357.880209705433
100.0,18,3902.9069802339873
100.0,19,4858.535104047113
100.0,20,5220.990285482495
100.0,21,79170.7514170554
100.0,22,6188.708447337935
100.0,23,7723.6161012937655
100.0,24,7037.907868929641
100.0,25,9511.40618464408
100.0,26,4266.262353055323
100.0,27,6389.709655515986
100.0,28,7398.661543676721
100.0,29,60342.43973973197
1000.0,0,40.133511508837344
1000.0,1,60.77878761760089
1000.0,2,101.27605406643768
1000.0,3,145.36816783688738
1000.0,4,218.5445929366556
1000.0,5,346.05472163498814
1000.0,6,596.5538794652202
1000.0,7,788.417387152331
1000.0,8,1176.4164223215196
1000.0,9,1170.6302912105957
1000.0,10,1939.8655353921552
1000.0,11,1789.879275004877
1000.0,12,2200.890152110671
1000.0,13,2391.2504254138003
1000.0,14,2861.9317304723872
1000.0,15,5900.267435910325
1000.0,16,4469.963517980807
1000.0,17,3441.229393279018
1000.0,18,5164.687990602743
1000.0,19,5345.107089885989
1000.0,20,4741.569909046692
1000.0,21,67195.27946963107
1000.0,22,5575.643639778729
1000.0,23,12703.779531569631
1000.0,24,6743.503156906258
1000.0,25,8180.537958275213
1000.0,26,6060.803416158373
1000.0,27,6818.955186496596
1000.0,28,6688.21155327673
1000.0,29,20007.561625796872
10000.0,0,38.08959609499582
10000.0,1,62.86899800764862
10000.0,2,105.26201432515843
10000.0,3,165.51429570618916
10000.0,4,232.1102691941682
10000.0,5,362.50804736306213
10000.0,6,613.6494909757171
10000.0,7,858.8430242217573
10000.0,8,1238.5506714254993
10000.0,9,1275.8582220517146
10000.0,10,1755.8779961240673
10000.0,11,1738.5214550576154
10000.0,12,2324.5859012036885
10000.0,13,2792.437786894626
10000.0,14,3045.983331627063
10000.0,15,5492.202948400196
10000.0,16,4874.459775017342
10000.0,17,3664.586541305019
10000.0,18,8035.607727124454
10000.0,19,16251.091825950443
10000.0,20,5091.614619974261
10000.0,21,56466.7692920031
10000.0,22,5593.310289353788
10000.0,23,15701.101290438835
10000.0,24,8073.206042950011
10000.0,25,15713.640156787544
10000.0,26,6821.138597749007
10000.0,27,8201.450290516803
10000.0,28,7048.702311539563
10000.0,29,22136.27628864455
100000.0,0,31.48081605053533
100000.0,1,67.55753763953965
100000.0,2,115.88219148021984
100000.0,3,192.62123622788792
100000.0,4,264.75772375626167
100000.0,5,381.2244293352462
100000.0,6,663.3590093719016
100000.0,7,925.187910645744
100000.0,8,1283.5284351773528
100000.0,9,1748.2184742561599
100000.0,10,1794.150250528542
100000.0,11,1854.8172706864507
100000.0,12,2637.8393448384177
100000.0,13,2955.828446180009
100000.0,14,3773.1380843140487
100000.0,15,10559.133573083958
100000.0,16,4135.662760684963
100000.0,17,4189.404911737627
100000.0,18,9052.35033518957
100000.0,19,6643.763817031167
100000.0,20,4699.734770983327
100000.0,21,43708.45455702898
100000.0,22,6503.704814151777
100000.0,23,12956.98202490961
100000.0,24,13850.628016281971
100000.0,25,8642.537434426053
100000.0,26,11821.237862960203
100000.0,27,11436.279260719824
100000.0,28,7696.806016144424
100000.0,29,22781.407485189528
