50000.0,6000.0,30
0.01,0,38.45791874662118
0.01,1,48.8468963670727
0.01,2,126.71375881045735
0.01,3,216.92689074193808
0.01,4,495.2595553020534
0.01,5,602.7818423694054
0.01,6,1002.640348427248
0.01,7,1089.418624138465
0.01,8,1538.7116191895627
0.01,9,1689.2469554208917
0.01,10,2129.5242039796785
0.01,11,2144.1691371919806
0.01,12,2352.098214762274
0.01,13,4314.397321594975
0.01,14,3348.3207553575326
0.01,15,2765.6859049524355
0.01,16,3784.997919353746
0.01,17,3380.1192953763657
0.01,18,3374.204290181284
0.01,19,9263.580240219262
0.01,20,5348.941277487068
0.01,21,3999.1073289644532
0.01,22,5711.619464134443
0.01,23,4215.566492741792
0.01,24,3160.219721529075
0.01,25,6887.602225196313
0.01,26,9012.831820359614
0.01,27,5021.026262220625
0.01,28,9124.831006900991
0.01,29,6115.119442781836
0.1,0,70.72737833993199
0.1,1,75.60710692693635
0.1,2,155.86815935108604
0.1,3,421.8585183613067
0.1,4,601.1843166958098
0.1,5,1268.7090171394086
0.1,6,1398.7678822611003
0.1,7,2290.442053390396
0.1,8,2821.232004569324
0.1,9,2724.1265388103584
0.1,10,3848.1151251577885
0.1,11,4619.573426436028
0.1,12,3517.174597237477
0.1,13,5166.211622986388
0.1,14,4913.108949852779
0.1,15,6221.493221000054
0.1,16,7008.027333207605
0.1,17,5914.126785609702
0.1,18,5119.0882936671405
0.1,19,11459.17963211894
0.1,20,9207.68776764568
0.1,21,7314.4040009563005
0.1,22,8191.628958717593
0.1,23,5207.122830317274
0.1,24,7327.623458176778
0.1,25,10442.162449566014
0.1,26,12661.796042754902
0.1,27,6558.995353217498
0.1,28,11304.71208435237
0.1,29,9277.71517191523
1.0,0,52.94744265893823
1.0,1,102.60692051530313
1.0,2,210.36672432724566
1.0,3,517.2875750505124
1.0,4,873.443046437562
1.0,5,1766.2653268342413
1.0,6,2152.584983982655
1.0,7,3658.938741491091
1.0,8,3936.2046342079175
1.0,9,4202.798967577577
1.0,10,5099.936042144275
1.0,11,5527.478639171899
1.0,12,4644.197071824807
1.0,13,8130.1016780768405
1.0,14,8054.7053525129695
1.0,15,11215.258897537291
1.0,16,9057.74135429265
1.0,17,8542.559476696211
1.0,18,7472.985544830855
1.0,19,10740.04111925154
1.0,20,9819.57957494859
1.0,21,8384.934300805546
1.0,22,15951.13645405042
1.0,23,8341.707711907957
1.0,24,10145.706455365756
1.0,25,14925.149716502057
1.0,26,18661.14785914681
1.0,27,16564.029618140255
1.0,28,24228.54951046653
1.0,29,12090.308282618233
100.0,0,90.62884048895623
100.0,1,142.37270833584068
100.0,2,258.60065373934805
100.0,3,640.9331940018017
100.0,4,737.7133963976139
100.0,5,2124.416763855388
100.0,6,2087.5678156905237
100.0,7,2981.0142237696996
100.0,8,3424.6789915201166
100.0,9,4297.76403220058
100.0,10,4633.194940744813
100.0,11,5130.576131657113
100.0,12,5560.223727710152
100.0,13,9978.090191501473
100.0,14,7451.970688357463
100.0,15,9177.21127915246
100.0,16,11095.127348007252
100.0,17,18505.26232198053
100.0,18,7787.900236889471
100.0,19,10960.817116927763
100.0,20,12333.135611345904
100.0,21,7488.322380330674
100.0,22,15489.86206805427
100.0,23,13394.770262101749
100.0,24,22227.192935425956
100.0,25,15366.073668165573
100.0,26,15310.321660242666
100.0,27,15134.60824869177
100.0,28,17579.717189099894
100.0,29,17568.15243211622
1000.0,0,48.67341717912025
1000.0,1,158.38363868204684
1000.0,2,304.2985118710711
1000.0,3,622.3331893660029
1000.0,4,1162.956618701699
1000.0,5,2251.9839226067415
1000.0,6,2857.186225136067
1000.0,7,3721.1320105212203
1000.0,8,4864.754503332927
1000.0,9,5148.485169795636
1000.0,10,5503.241931845742
1000.0,11,7128.674952647679
1000.0,12,6269.09952688107
1000.0,13,9049.213656953143
1000.0,14,8748.77631967687
1000.0,15,10388.409043703985
1000.0,16,10368.757315686222
1000.0,17,13900.020955949494
1000.0,18,8878.002474511315
1000.0,19,14450.12552390398
1000.0,20,13152.7582650467
1000.0,21,10775.043519792249
1000.0,22,15137.775641096174
1000.0,23,11029.698157730994
1000.0,24,16885.624941151338
1000.0,25,15990.580612659609
1000.0,26,29208.1533983895
1000.0,27,15369.23258872577
1000.0,28,29804.430526542434
1000.0,29,19189.035692164653
10000.0,0,63.712819062231695
10000.0,1,180.5279084188782
10000.0,2,371.7313768025765
10000.0,3,702.0668552667935
10000.0,4,1310.2401414347562
10000.0,5,2449.253167757717
10000.0,6,2778.565522798723
10000.0,7,4225.293120216894
10000.0,8,5577.06360348892
10000.0,9,6268.350965963472
10000.0,10,6403.405434818052
10000.0,11,10243.38742830326
10000.0,12,6389.082874783106
10000.0,13,9809.372986812234
10000.0,14,11130.009636826162
10000.0,15,14516.408833241967
10000.0,16,11291.19425144567
10000.0,17,20028.06544318849
10000.0,18,11030.656533668232
10000.0,19,14535.109785809324
10000.0,20,15879.442638755265
10000.0,21,12386.021869000057
10000.0,22,13106.329186400038
10000.0,23,13309.846541773562
10000.0,24,18815.62174643895
10000.0,25,18730.703845810272
10000.0,26,34302.38807600826
10000.0,27,15416.972373101922
10000.0,28,28231.740505937647
10000.0,29,24966.123397962827
100000.0,0,93.87576137905958
100000.0,1,208.45497664092323
100000.0,2,383.47912992624924
100000.0,3,795.08821567023
100000.0,4,1487.8303390081123
100000.0,5,2450.302997356942
100000.0,6,2995.0465476262466
100000.0,7,4088.3475084013917
100000.0,8,4739.105024848436
100000.0,9,6852.525481786356
100000.0,10,8127.957385092653
100000.0,11,10673.927843426452
100000.0,12,7172.11025996857
100000.0,13,10114.613654352894
100000.0,14,12001.426619938835
100000.0,15,15440.980829939226
100000.0,16,16083.042455508667
100000.0,17,18851.352991681317
100000.0,18,12558.427868128136
100000.0,19,17574.195129084063
100000.0,20,20022.129033761445
100000.0,21,13423.990980469009
100000.0,22,13207.040886676808
100000.0,23,15896.597541315135
100000.0,24,16974.36591091737
100000.0,25,21028.694088411576
100000.0,26,32712.750526716885
100000.0,27,17620.631803953314
100000.0,28,35520.67603141002
100000.0,29,22118.98682545964
