2.5082180433723433e-08,0.00030980022455980635,100
0.01,0,9.883397275698958e-07
0.01,1,9.194292237713527e-07
0.01,2,9.971848577102858e-07
0.01,3,1.7450880866079308e-06
0.01,4,2.758468228654545e-06
0.01,5,3.7579706245177506e-06
0.01,6,4.21040545750202e-06
0.01,7,2.3915213578137943e-06
0.01,8,5.686604650157145e-06
0.01,9,4.243916868342787e-06
0.01,10,3.4426084360428755e-06
0.01,11,4.959061453382562e-06
0.01,12,3.8816067673493e-06
0.01,13,3.8412453190500515e-06
0.01,14,4.640098350878781e-06
0.01,15,5.373644666122505e-06
0.01,16,4.0453532858212265e-06
0.01,17,4.014319034461894e-06
0.01,18,4.682779546583978e-06
0.01,19,4.081534812831634e-06
0.01,20,4.33690620570129e-06
0.01,21,3.13444834768194e-06
0.01,22,5.276500236221337e-06
0.01,23,2.94218265729673e-06
0.01,24,3.0595552240555345e-06
0.01,25,3.5967708065055954e-06
0.01,26,3.7342971792107113e-06
0.01,27,3.097481366409855e-06
0.01,28,3.800325571674643e-06
0.01,29,3.780616592828155e-06
0.01,30,4.2891063752630165e-06
0.01,31,2.4535406693934073e-06
0.01,32,3.4453417188644736e-06
0.01,33,3.694484366819589e-06
0.01,34,2.7730309059820967e-06
0.01,35,2.685031794723501e-06
0.01,36,2.050626662832633e-06
0.01,37,2.1654373058540957e-06
0.01,38,2.286697192267434e-06
0.01,39,1.7950525211832494e-06
0.01,40,2.014977003781479e-06
0.01,41,2.152092479540924e-06
0.01,42,2.6160506679525115e-06
0.01,43,1.7047679254435314e-06
0.01,44,2.1953074867755317e-06
0.01,45,1.344226972300278e-06
0.01,46,1.8617089607634837e-06
0.01,47,1.6601370747678741e-06
0.01,48,1.7584371276710789e-06
0.01,49,1.4230329775288906e-06
0.01,50,1.475282512406539e-06
0.01,51,1.5286523992237773e-06
0.01,52,1.4521302011428773e-06
0.01,53,1.3824880057890498e-06
0.01,54,1.566966795430632e-06
0.01,55,1.3638874094571218e-06
0.01,56,1.2608235337402126e-06
0.01,57,1.3339407110912443e-06
0.01,58,1.167715450259568e-06
0.01,59,1.1537430840914178e-06
0.01,60,1.086009654585149e-06
0.01,61,1.0498775813620225e-06
0.01,62,9.648658257757086e-07
0.01,63,1.2167409190922938e-06
0.01,64,9.87090278538376e-07
0.01,65,7.957211763766502e-07
0.01,66,1.049281952931195e-06
0.01,67,9.32274958632485e-07
0.01,68,9.509669173687117e-07
0.01,69,1.0532909939457946e-06
0.01,70,8.10589113037604e-07
0.01,71,8.744010764784666e-07
0.01,72,9.474206657029787e-07
0.01,73,8.726666250204051e-07
0.01,74,9.469594310276508e-07
0.01,75,7.650805424369181e-07
0.01,76,1.0474235285931098e-06
0.01,77,8.959194859508274e-07
0.01,78,8.959194859508274e-07
0.01,79,8.959194859508274e-07
0.01,80,8.959194859508274e-07
0.01,81,8.959194859508274e-07
0.01,82,8.959194859508274e-07
0.01,83,8.959194859508274e-07
0.01,84,8.959194859508274e-07
0.01,85,8.959194859508274e-07
0.01,86,8.959194859508274e-07
0.01,87,8.959194859508274e-07
0.01,88,8.959194859508274e-07
0.01,89,8.959194859508274e-07
0.01,90,8.959194859508274e-07
0.01,91,8.959194859508274e-07
0.01,92,8.959194859508274e-07
0.01,93,8.959194859508274e-07
0.01,94,8.959194859508274e-07
0.01,95,8.959194859508274e-07
0.01,96,8.959194859508274e-07
0.01,97,8.959194859508274e-07
0.01,98,8.959194859508274e-07
0.01,99,8.959194859508274e-07
0.1,0,1.7604498478982875e-06
0.1,1,2.029841517082722e-06
0.1,2,2.320991908353245e-06
0.1,3,3.87270984269383e-06
0.1,4,4.744760945822329e-06
0.1,5,6.054675933741055e-06
0.1,6,7.083218411127753e-06
0.1,7,5.932682991779369e-06
0.1,8,6.5744035786820675e-06
0.1,9,7.698708984941495e-06
0.1,10,7.541679245313161e-06
0.1,11,7.2341279739491975e-06
0.1,12,6.000173274336243e-06
0.1,13,8.003002410366055e-06
0.1,14,7.803920481389808e-06
0.1,15,6.9208698696009995e-06
0.1,16,7.357831868874547e-06
0.1,17,6.869975054352769e-06
0.1,18,7.478170441069371e-06
0.1,19,5.028361041065258e-06
0.1,20,8.51491149467461e-06
0.1,21,6.590297635052167e-06
0.1,22,6.877533054591829e-06
0.1,23,6.205591025358009e-06
0.1,24,4.97624321628836e-06
0.1,25,6.532156456252154e-06
0.1,26,4.899256242392988e-06
0.1,27,5.355296924731632e-06
0.1,28,4.994410242484134e-06
0.1,29,6.170177231306832e-06
0.1,30,6.664263905128961e-06
0.1,31,4.783862964064127e-06
0.1,32,5.176832237656838e-06
0.1,33,5.111045619626717e-06
0.1,34,4.950311024510996e-06
0.1,35,3.7327065361683993e-06
0.1,36,4.211864288171748e-06
0.1,37,4.302168536865437e-06
0.1,38,3.727984879044007e-06
0.1,39,3.4004069066093707e-06
0.1,40,3.27418886375375e-06
0.1,41,3.848799008526919e-06
0.1,42,3.2319988990335968e-06
0.1,43,2.5773300781277596e-06
0.1,44,3.3852720833332914e-06
0.1,45,2.534693465562219e-06
0.1,46,2.9200988444316305e-06
0.1,47,3.3270360694256975e-06
0.1,48,2.6407676768405606e-06
0.1,49,2.607566484695053e-06
0.1,50,2.540409559653829e-06
0.1,51,3.0054678377917725e-06
0.1,52,2.426469650247086e-06
0.1,53,2.259388357409704e-06
0.1,54,2.3691117573379828e-06
0.1,55,2.260781607908916e-06
0.1,56,2.090581387595882e-06
0.1,57,2.363489193527021e-06
0.1,58,2.2665060940128157e-06
0.1,59,2.191202679125873e-06
0.1,60,2.092902279675685e-06
0.1,61,2.2575932061293215e-06
0.1,62,1.8928887280135497e-06
0.1,63,1.9522670493980527e-06
0.1,64,2.054872671635467e-06
0.1,65,1.8201843386890938e-06
0.1,66,1.6423299580169315e-06
0.1,67,1.6958169711720387e-06
0.1,68,2.331839593330111e-06
0.1,69,1.7824262926806536e-06
0.1,70,1.5765030801880763e-06
0.1,71,1.3105658304601726e-06
0.1,72,1.8941665169558518e-06
0.1,73,2.1812876685943003e-06
0.1,74,1.6562209244746324e-06
0.1,75,1.6544576154409428e-06
0.1,76,1.5482712715995536e-06
0.1,77,1.6326986807579788e-06
0.1,78,1.6326986807579788e-06
0.1,79,1.6326986807579788e-06
0.1,80,1.6326986807579788e-06
0.1,81,1.6326986807579788e-06
0.1,82,1.6326986807579788e-06
0.1,83,1.6326986807579788e-06
0.1,84,1.6326986807579788e-06
0.1,85,1.6326986807579788e-06
0.1,86,1.6326986807579788e-06
0.1,87,1.6326986807579788e-06
0.1,88,1.6326986807579788e-06
0.1,89,1.6326986807579788e-06
0.1,90,1.6326986807579788e-06
0.1,91,1.6326986807579788e-06
0.1,92,1.6326986807579788e-06
0.1,93,1.6326986807579788e-06
0.1,94,1.6326986807579788e-06
0.1,95,1.6326986807579788e-06
0.1,96,1.6326986807579788e-06
0.1,97,1.6326986807579788e-06
0.1,98,1.6326986807579788e-06
0.1,99,1.6326986807579788e-06
1.0,0,3.4899906485514193e-06
1.0,1,2.618763046551522e-06
1.0,2,3.1587701071441093e-06
1.0,3,5.263705011964463e-06
1.0,4,6.969011824350292e-06
1.0,5,7.354288971198637e-06
1.0,6,9.437804820556128e-06
1.0,7,7.699451196039522e-06
1.0,8,6.898229197555875e-06
1.0,9,7.844861847230521e-06
1.0,10,9.131469873954796e-06
1.0,11,9.016405126310406e-06
1.0,12,7.441189886111208e-06
1.0,13,9.581409004884614e-06
1.0,14,9.359465795538951e-06
1.0,15,9.197035125934466e-06
1.0,16,9.092790242802628e-06
1.0,17,8.72375359382768e-06
1.0,18,9.241513654305754e-06
1.0,19,6.89435150435538e-06
1.0,20,9.142022969457214e-06
1.0,21,8.011147174253728e-06
1.0,22,9.006821365855811e-06
1.0,23,7.985132282077476e-06
1.0,24,5.322886463016793e-06
1.0,25,6.854206306695585e-06
1.0,26,8.594423010897999e-06
1.0,27,6.973994322279419e-06
1.0,28,7.932423594160377e-06
1.0,29,7.678064604060503e-06
1.0,30,8.83808923886412e-06
1.0,31,5.959126268648632e-06
1.0,32,7.73214303794596e-06
1.0,33,6.317878469831763e-06
1.0,34,5.6183347276412416e-06
1.0,35,5.52382059842498e-06
1.0,36,5.494926498178054e-06
1.0,37,5.318481185880905e-06
1.0,38,4.623421133456164e-06
1.0,39,4.4508417046809885e-06
1.0,40,3.6103928932064733e-06
1.0,41,4.4050693042517865e-06
1.0,42,3.623105530821872e-06
1.0,43,3.311350762192152e-06
1.0,44,4.1969359318625315e-06
1.0,45,2.706840398327881e-06
1.0,46,3.4998832024963905e-06
1.0,47,3.65555225971724e-06
1.0,48,3.869145627113211e-06
1.0,49,3.387762970517929e-06
1.0,50,3.0196485827963805e-06
1.0,51,3.411638160978834e-06
1.0,52,3.1506476214902515e-06
1.0,53,2.973669782519159e-06
1.0,54,3.4618898747530476e-06
1.0,55,2.772646248040185e-06
1.0,56,2.4823010848088915e-06
1.0,57,3.4199476801155906e-06
1.0,58,2.5872181186156984e-06
1.0,59,2.688064425179752e-06
1.0,60,2.7151181125256925e-06
1.0,61,3.005098003364739e-06
1.0,62,2.917147864110403e-06
1.0,63,2.4083725646684434e-06
1.0,64,2.1580269791724e-06
1.0,65,2.5774440440456388e-06
1.0,66,2.2510664447234807e-06
1.0,67,2.4822940237719663e-06
1.0,68,2.799813594092364e-06
1.0,69,2.3189385733558936e-06
1.0,70,1.912052492617287e-06
1.0,71,2.0046731968005815e-06
1.0,72,2.898652506327286e-06
1.0,73,3.2263174000622226e-06
1.0,74,2.2748903532817046e-06
1.0,75,2.3444505407527763e-06
1.0,76,2.1934731688137512e-06
1.0,77,1.941187710556562e-06
1.0,78,1.941187710556562e-06
1.0,79,1.941187710556562e-06
1.0,80,1.941187710556562e-06
1.0,81,1.941187710556562e-06
1.0,82,1.941187710556562e-06
1.0,83,1.941187710556562e-06
1.0,84,1.941187710556562e-06
1.0,85,1.941187710556562e-06
1.0,86,1.941187710556562e-06
1.0,87,1.941187710556562e-06
1.0,88,1.941187710556562e-06
1.0,89,1.941187710556562e-06
1.0,90,1.941187710556562e-06
1.0,91,1.941187710556562e-06
1.0,92,1.941187710556562e-06
1.0,93,1.941187710556562e-06
1.0,94,1.941187710556562e-06
1.0,95,1.941187710556562e-06
1.0,96,1.941187710556562e-06
1.0,97,1.941187710556562e-06
1.0,98,1.941187710556562e-06
1.0,99,1.941187710556562e-06
100.0,0,4.040443590642063e-06
100.0,1,3.989329243935965e-06
100.0,2,4.265761817763783e-06
100.0,3,7.386519521854358e-06
100.0,4,7.114540966336673e-06
100.0,5,8.439261167489045e-06
100.0,6,8.695374063555166e-06
100.0,7,9.291683089085226e-06
100.0,8,9.003970439300384e-06
100.0,9,9.462361953859605e-06
100.0,10,9.942185754692444e-06
100.0,11,8.8069686427184e-06
100.0,12,8.44507695306259e-06
100.0,13,1.0959745792355587e-05
100.0,14,1.0745828896539958e-05
100.0,15,9.86578307215182e-06
100.0,16,9.748399383516981e-06
100.0,17,9.04863466786109e-06
100.0,18,1.2238130477839357e-05
100.0,19,8.382533463579538e-06
100.0,20,1.1185070692045383e-05
100.0,21,1.0298288763973113e-05
100.0,22,9.877334189680466e-06
100.0,23,9.25137481117005e-06
100.0,24,6.177256463585456e-06
100.0,25,8.626216313395281e-06
100.0,26,7.261982376329925e-06
100.0,27,8.854650571731502e-06
100.0,28,7.3522088215625716e-06
100.0,29,8.03731325664252e-06
100.0,30,9.018360892316906e-06
100.0,31,7.49391400691614e-06
100.0,32,7.544459190933103e-06
100.0,33,7.2604153883628066e-06
100.0,34,5.3828062438535986e-06
100.0,35,6.697124409578204e-06
100.0,36,5.927353434992761e-06
100.0,37,5.632115203150577e-06
100.0,38,5.6423739322966846e-06
100.0,39,5.286647122672893e-06
100.0,40,4.432830795814325e-06
100.0,41,4.718201488056938e-06
100.0,42,4.560361553416972e-06
100.0,43,3.321968308902149e-06
100.0,44,4.8151395810282775e-06
100.0,45,3.479070943713207e-06
100.0,46,4.0137850161308525e-06
100.0,47,3.453127786042772e-06
100.0,48,4.087650263585126e-06
100.0,49,3.3001752875874737e-06
100.0,50,3.385125522194656e-06
100.0,51,3.83812432823425e-06
100.0,52,3.5080604990681526e-06
100.0,53,3.351400015387521e-06
100.0,54,3.709276443899034e-06
100.0,55,3.210845001661159e-06
100.0,56,3.2557543712147025e-06
100.0,57,3.6153246091542626e-06
100.0,58,3.2051978241008803e-06
100.0,59,3.1964634881055817e-06
100.0,60,2.956307479906971e-06
100.0,61,3.4406775209567357e-06
100.0,62,3.1978487369951154e-06
100.0,63,2.7230982636578824e-06
100.0,64,2.6767642386091734e-06
100.0,65,3.268513849023667e-06
100.0,66,2.6517154440867722e-06
100.0,67,2.818769311231809e-06
100.0,68,2.948010099458381e-06
100.0,69,3.3291363524679304e-06
100.0,70,2.7139462599748974e-06
100.0,71,1.9152460381636767e-06
100.0,72,3.3502807594511417e-06
100.0,73,3.5618597721872353e-06
100.0,74,2.8932916761090193e-06
100.0,75,3.1831005220033602e-06
100.0,76,2.9554303563459686e-06
100.0,77,2.466053947115544e-06
100.0,78,2.466053947115544e-06
100.0,79,2.466053947115544e-06
100.0,80,2.466053947115544e-06
100.0,81,2.466053947115544e-06
100.0,82,2.466053947115544e-06
100.0,83,2.466053947115544e-06
100.0,84,2.466053947115544e-06
100.0,85,2.466053947115544e-06
100.0,86,2.466053947115544e-06
100.0,87,2.466053947115544e-06
100.0,88,2.466053947115544e-06
100.0,89,2.466053947115544e-06
100.0,90,2.466053947115544e-06
100.0,91,2.466053947115544e-06
100.0,92,2.466053947115544e-06
100.0,93,2.466053947115544e-06
100.0,94,2.466053947115544e-06
100.0,95,2.466053947115544e-06
100.0,96,2.466053947115544e-06
100.0,97,2.466053947115544e-06
100.0,98,2.466053947115544e-06
100.0,99,2.466053947115544e-06
1000.0,0,4.077432555081127e-06
1000.0,1,5.256837182370529e-06
1000.0,2,5.0295470619194045e-06
1000.0,3,8.401299419867441e-06
1000.0,4,8.490440649572051e-06
1000.0,5,8.798181860669869e-06
1000.0,6,1.1428574568095199e-05
1000.0,7,9.79205636413732e-06
1000.0,8,8.45285519400343e-06
1000.0,9,9.072439005362738e-06
1000.0,10,1.1425871363016213e-05
1000.0,11,9.28552786436632e-06
1000.0,12,8.83867396593928e-06
1000.0,13,1.0969912230793828e-05
1000.0,14,1.0671939200778928e-05
1000.0,15,1.0169516381322005e-05
1000.0,16,1.0953710882773869e-05
1000.0,17,9.949112935156e-06
1000.0,18,1.201978820085087e-05
1000.0,19,9.144051047307294e-06
1000.0,20,9.849573925251406e-06
1000.0,21,1.0198187536525163e-05
1000.0,22,8.778553537283712e-06
1000.0,23,8.456188082972296e-06
1000.0,24,7.869170943318969e-06
1000.0,25,9.253448014393104e-06
1000.0,26,8.870892979325207e-06
1000.0,27,8.437599115639272e-06
1000.0,28,8.4191719814062e-06
1000.0,29,8.239981191001673e-06
1000.0,30,1.0380599491369365e-05
1000.0,31,6.675445724688895e-06
1000.0,32,8.734544646523807e-06
1000.0,33,7.482833848659004e-06
1000.0,34,7.343961207107072e-06
1000.0,35,6.415183162289513e-06
1000.0,36,6.91483397837455e-06
1000.0,37,5.935159054153731e-06
1000.0,38,5.925244659625245e-06
1000.0,39,5.382394598755389e-06
1000.0,40,4.376354555982532e-06
1000.0,41,5.388751969053023e-06
1000.0,42,4.482286535006712e-06
1000.0,43,3.7455530784428877e-06
1000.0,44,4.402932583559537e-06
1000.0,45,3.317523766893356e-06
1000.0,46,4.452009940837767e-06
1000.0,47,3.9685751809602454e-06
1000.0,48,3.6196486754768314e-06
1000.0,49,3.858576348702464e-06
1000.0,50,3.612151791856464e-06
1000.0,51,3.7645426531832837e-06
1000.0,52,3.597059834656656e-06
1000.0,53,3.572845149971519e-06
1000.0,54,3.776734587468875e-06
1000.0,55,3.381151890506526e-06
1000.0,56,3.551658172225532e-06
1000.0,57,3.3407557567229272e-06
1000.0,58,3.4040230366141925e-06
1000.0,59,3.2927433868462125e-06
1000.0,60,3.2962606379511176e-06
1000.0,61,3.5095858847036102e-06
1000.0,62,3.3049143005924395e-06
1000.0,63,3.1713638307706786e-06
1000.0,64,2.6840023988198534e-06
1000.0,65,3.218120135265569e-06
1000.0,66,2.8406096507701643e-06
1000.0,67,2.827109872047392e-06
1000.0,68,3.2485964045928458e-06
1000.0,69,3.0963030577468335e-06
1000.0,70,2.5261840956692107e-06
1000.0,71,2.4737768503041865e-06
1000.0,72,3.154443840348785e-06
1000.0,73,3.6953018909624686e-06
1000.0,74,2.9743147866681626e-06
1000.0,75,3.0656917276076893e-06
1000.0,76,2.694342443419059e-06
1000.0,77,2.5037510019197457e-06
1000.0,78,2.5037510019197457e-06
1000.0,79,2.5037510019197457e-06
1000.0,80,2.5037510019197457e-06
1000.0,81,2.5037510019197457e-06
1000.0,82,2.5037510019197457e-06
1000.0,83,2.5037510019197457e-06
1000.0,84,2.5037510019197457e-06
1000.0,85,2.5037510019197457e-06
1000.0,86,2.5037510019197457e-06
1000.0,87,2.5037510019197457e-06
1000.0,88,2.5037510019197457e-06
1000.0,89,2.5037510019197457e-06
1000.0,90,2.5037510019197457e-06
1000.0,91,2.5037510019197457e-06
1000.0,92,2.5037510019197457e-06
1000.0,93,2.5037510019197457e-06
1000.0,94,2.5037510019197457e-06
1000.0,95,2.5037510019197457e-06
1000.0,96,2.5037510019197457e-06
1000.0,97,2.5037510019197457e-06
1000.0,98,2.5037510019197457e-06
1000.0,99,2.5037510019197457e-06
10000.0,0,6.149370503928746e-06
10000.0,1,5.295170568265281e-06
10000.0,2,5.965855738377739e-06
10000.0,3,7.196016503096753e-06
10000.0,4,9.55087371942223e-06
10000.0,5,8.630203866580097e-06
10000.0,6,1.2914765494524136e-05
10000.0,7,9.697574320361326e-06
10000.0,8,9.75614315025922e-06
10000.0,9,9.893311499148888e-06
10000.0,10,1.2934276849231606e-05
10000.0,11,1.006263517479546e-05
10000.0,12,9.186937265956629e-06
10000.0,13,1.277990038632717e-05
10000.0,14,1.2572858589786346e-05
10000.0,15,1.0734873593381732e-05
10000.0,16,1.2112011009846313e-05
10000.0,17,1.023072404889385e-05
10000.0,18,1.3454123343038347e-05
10000.0,19,1.0687782516098917e-05
10000.0,20,1.0226805888407271e-05
10000.0,21,1.0551897171067035e-05
10000.0,22,9.098981095601704e-06
10000.0,23,8.482347731359455e-06
10000.0,24,8.542562363636467e-06
10000.0,25,9.167967445929425e-06
10000.0,26,9.47866156019615e-06
10000.0,27,8.88298860865311e-06
10000.0,28,9.614415058378927e-06
10000.0,29,8.793785194787699e-06
10000.0,30,1.1008949794535297e-05
10000.0,31,7.253920586724155e-06
10000.0,32,9.480303617045382e-06
10000.0,33,9.141544601069285e-06
10000.0,34,7.865264951862931e-06
10000.0,35,6.245526652991138e-06
10000.0,36,7.117309018181478e-06
10000.0,37,6.410546829765154e-06
10000.0,38,6.92026194736078e-06
10000.0,39,5.0872339566179725e-06
10000.0,40,4.488084478806178e-06
10000.0,41,5.136139509243438e-06
10000.0,42,4.460091816150482e-06
10000.0,43,4.064751750418396e-06
10000.0,44,4.846952727789807e-06
10000.0,45,3.897593298566105e-06
10000.0,46,4.528215880742755e-06
10000.0,47,4.270903589790384e-06
10000.0,48,4.060980354632388e-06
10000.0,49,4.651452735384077e-06
10000.0,50,4.246663160652221e-06
10000.0,51,4.2405336194807145e-06
10000.0,52,3.6582411930518153e-06
10000.0,53,3.853526606228289e-06
10000.0,54,4.057237765578337e-06
10000.0,55,3.5165180960374034e-06
10000.0,56,3.810794573693972e-06
10000.0,57,3.542966238618025e-06
10000.0,58,3.534016576482144e-06
10000.0,59,3.351225239022465e-06
10000.0,60,3.447703059557739e-06
10000.0,61,3.5421613994370275e-06
10000.0,62,3.465573129096703e-06
10000.0,63,3.2303341836118185e-06
10000.0,64,2.850056661786461e-06
10000.0,65,3.2122345709436203e-06
10000.0,66,2.9108787071163716e-06
10000.0,67,3.0147284890187127e-06
10000.0,68,3.113359200144734e-06
10000.0,69,3.1389564116995386e-06
10000.0,70,2.6624006952812245e-06
10000.0,71,2.602548375202216e-06
10000.0,72,3.3420523388129863e-06
10000.0,73,3.805168762080489e-06
10000.0,74,2.95567333204975e-06
10000.0,75,3.238345639156348e-06
10000.0,76,2.857361304420896e-06
10000.0,77,2.6730265464413707e-06
10000.0,78,2.6730265464413707e-06
10000.0,79,2.6730265464413707e-06
10000.0,80,2.6730265464413707e-06
10000.0,81,2.6730265464413707e-06
10000.0,82,2.6730265464413707e-06
10000.0,83,2.6730265464413707e-06
10000.0,84,2.6730265464413707e-06
10000.0,85,2.6730265464413707e-06
10000.0,86,2.6730265464413707e-06
10000.0,87,2.6730265464413707e-06
10000.0,88,2.6730265464413707e-06
10000.0,89,2.6730265464413707e-06
10000.0,90,2.6730265464413707e-06
10000.0,91,2.6730265464413707e-06
10000.0,92,2.6730265464413707e-06
10000.0,93,2.6730265464413707e-06
10000.0,94,2.6730265464413707e-06
10000.0,95,2.6730265464413707e-06
10000.0,96,2.6730265464413707e-06
10000.0,97,2.6730265464413707e-06
10000.0,98,2.6730265464413707e-06
10000.0,99,2.6730265464413707e-06
100000.0,0,9.716385091613831e-06
100000.0,1,5.922315427054335e-06
100000.0,2,8.794653360248791e-06
100000.0,3,7.800296543442739e-06
100000.0,4,9.40791173056612e-06
100000.0,5,9.598597350808827e-06
100000.0,6,1.2850703652856733e-05
100000.0,7,1.1971669749746495e-05
100000.0,8,1.0699397275070105e-05
100000.0,9,9.796697388298411e-06
100000.0,10,1.390979739130782e-05
100000.0,11,1.0561646672756492e-05
100000.0,12,1.0840380484906175e-05
100000.0,13,1.397945649318281e-05
100000.0,14,1.2787577784211068e-05
100000.0,15,1.0562699565483619e-05
100000.0,16,1.2706012661254686e-05
100000.0,17,1.1522610621909758e-05
100000.0,18,1.4120825366210055e-05
100000.0,19,1.1160689559678293e-05
100000.0,20,1.2303728168929643e-05
100000.0,21,1.1913322619261353e-05
100000.0,22,1.007248858463571e-05
100000.0,23,1.021563940270668e-05
100000.0,24,8.971977637909297e-06
100000.0,25,9.786057153410493e-06
100000.0,26,1.0811257566869265e-05
100000.0,27,1.1163780790652422e-05
100000.0,28,9.954059712597466e-06
100000.0,29,8.958503944894877e-06
100000.0,30,1.135562450871955e-05
100000.0,31,7.574384739849706e-06
100000.0,32,1.0160360913386141e-05
100000.0,33,9.776943971526357e-06
100000.0,34,8.070830002782843e-06
100000.0,35,7.914812628649795e-06
100000.0,36,6.928225967685248e-06
100000.0,37,6.716828424965613e-06
100000.0,38,6.653107488965746e-06
100000.0,39,5.7490100157861905e-06
100000.0,40,5.421349637093645e-06
100000.0,41,5.63776550605942e-06
100000.0,42,5.344243255720834e-06
100000.0,43,4.452290263541203e-06
100000.0,44,5.824257099311816e-06
100000.0,45,4.262668261761672e-06
100000.0,46,4.610692559618976e-06
100000.0,47,4.854441632773318e-06
100000.0,48,4.9877272519766065e-06
100000.0,49,5.418557032686389e-06
100000.0,50,4.531066327796125e-06
100000.0,51,4.541620243568533e-06
100000.0,52,4.055740681866461e-06
100000.0,53,4.711826882340593e-06
100000.0,54,4.595882156349511e-06
100000.0,55,4.335527043486006e-06
100000.0,56,4.286243951731695e-06
100000.0,57,3.985426716303089e-06
100000.0,58,3.720266067005898e-06
100000.0,59,4.0588629868574265e-06
100000.0,60,3.6669933299768463e-06
100000.0,61,3.4791242514944083e-06
100000.0,62,3.6456301288639112e-06
100000.0,63,3.1699082678740473e-06
100000.0,64,3.1318010106485074e-06
100000.0,65,3.443174526452416e-06
100000.0,66,3.1130743586862757e-06
100000.0,67,3.329283866089259e-06
100000.0,68,3.522385573401575e-06
100000.0,69,3.387490448481358e-06
100000.0,70,2.9889010863488033e-06
100000.0,71,3.045662892497918e-06
100000.0,72,3.5008470677283075e-06
100000.0,73,3.676495491455498e-06
100000.0,74,3.0689985786252593e-06
100000.0,75,3.462346236958175e-06
100000.0,76,3.3391696610157418e-06
100000.0,77,2.8156007733603193e-06
100000.0,78,2.8156007733603193e-06
100000.0,79,2.8156007733603193e-06
100000.0,80,2.8156007733603193e-06
100000.0,81,2.8156007733603193e-06
100000.0,82,2.8156007733603193e-06
100000.0,83,2.8156007733603193e-06
100000.0,84,2.8156007733603193e-06
100000.0,85,2.8156007733603193e-06
100000.0,86,2.8156007733603193e-06
100000.0,87,2.8156007733603193e-06
100000.0,88,2.8156007733603193e-06
100000.0,89,2.8156007733603193e-06
100000.0,90,2.8156007733603193e-06
100000.0,91,2.8156007733603193e-06
100000.0,92,2.8156007733603193e-06
100000.0,93,2.8156007733603193e-06
100000.0,94,2.8156007733603193e-06
100000.0,95,2.8156007733603193e-06
100000.0,96,2.8156007733603193e-06
100000.0,97,2.8156007733603193e-06
100000.0,98,2.8156007733603193e-06
100000.0,99,2.8156007733603193e-06
